1465 386
523 377
1280 107
598 98
1426 280
2117 326
896 306
407 164
364 456
1290 275
221 392
1115 351
1800 458
1242 479
2463 98
542 257
780 113
171 89
1179 419
2288 144
2317 324
1748 152
306 76
1484 164
1641 205
495 349
1515 189
1437 89
1857 237
1363 221
2238 231
963 381
1913 437
2195 485
543 124
1303 343
2268 252
2260 84
2153 87
1341 357
1091 187
2153 209
2293 221
1334 279
494 306
1163 73
1993 334
1245 271
1029 84
1970 366
1010 58
551 71
1120 76
1425 437
476 426
511 439
2430 439
986 400
249 398
1249 163
1391 160
1278 288
2487 497
176 385
206 107
1724 56
207 169
1995 140
844 121
848 488
1584 421
938 442
1907 365
1336 393
220 272
1804 202
257 423
547 430
249 424
2355 313
1116 275
1051 282
1171 417
1110 323
2339 387
490 389
2026 410
2024 486
1893 294
699 430
1707 67
2172 393
