2384 244
1234 328
400 291
1534 442
1920 465
351 450
562 358
183 381
1630 132
546 144
1135 234
2412 127
672 318
2059 72
1902 66
835 302
1936 74
1108 403
1821 323
832 494
2342 450
1279 458
229 109
565 407
1487 152
759 362
981 136
1995 147
1195 207
812 491
1419 424
2051 165
203 247
2036 367
1952 140
1218 164
981 397
2339 321
759 300
245 275
2390 74
1499 223
1760 85
236 365
1282 479
1854 161
1349 186
1380 318
1771 314
1791 308
1535 498
397 376
782 166
1037 89
793 205
1712 114
549 354
726 470
2337 348
749 61
195 423
1674 293
614 450
1736 163
1954 374
1711 149
2055 129
881 182
2223 200
1742 494
1945 80
1941 323
803 225
2151 168
1711 237
2033 101
692 150
769 237
708 357
369 414
1914 496
980 484
869 60
691 226
1939 273
1544 314
952 403
1724 300
882 96
1192 207
278 123
2077 336
334 324
2090 61
1654 468
2162 103
