313 124
1183 22
459 50
1584 197
1819 14
1401 181
1246 104
272 56
669 133
452 153
2333 193
1409 175
1025 167
550 29
782 134
2033 112
319 60
382 182
1658 189
1815 173
1583 71
538 169
583 67
579 73
1640 194
2040 135
1015 25
2102 113
1267 149
2242 92
1428 199
2050 179
1712 131
986 93
490 163
1826 53
1618 65
1148 123
693 84
2111 170
977 104
2150 63
1845 84
993 79
444 187
2309 80
2088 120
1587 99
774 186
1705 67
1510 146
1068 81
2416 50
641 153
1419 46
2311 173
2331 66
1708 129
1250 44
2175 194
2312 121
1510 111
1533 128
1383 76
405 140
2308 97
2094 43
319 149
1401 62
632 33
326 15
2445 68
752 189
1935 144
1149 75
248 191
2248 195
657 41
449 77
1568 172
465 142
1386 9
911 168
1265 188
2395 165
2221 170
1588 196
394 97
2316 143
1500 44
2190 180
490 165
2199 101
660 23
2081 102
514 93
1508 111
1702 123
1588 171
713 125
417 142
2151 177
1669 126
272 57
355 12
1722 109
1874 50
2023 34
2394 31
1402 132
1875 44
329 137
955 151
626 93
1075 52
