2296 195
1794 50
1017 176
991 93
2274 107
2046 10
2196 163
2498 110
2430 27
1093 197
661 155
733 100
640 74
1255 18
654 54
441 50
1752 133
1598 127
501 88
1491 76
1807 97
1244 123
454 189
2347 77
230 74
1037 37
1694 86
2331 27
2091 123
394 164
1045 171
1013 150
2376 199
1978 105
2419 30
2461 135
1590 156
1905 11
1861 133
547 164
2414 50
2294 122
982 131
1101 22
1601 61
721 75
984 30
1983 33
431 118
1056 190
936 192
1442 191
714 32
1035 144
817 155
1622 65
1565 8
964 34
297 151
1831 31
2480 198
2283 101
669 55
1388 26
1306 32
171 28
1321 163
574 182
1514 181
1741 114
2376 39
1796 179
834 175
1386 97
2282 136
663 179
2412 64
2234 146
1672 91
2336 191
1579 10
1204 149
1753 153
2111 194
495 80
183 118
473 169
2203 17
1358 111
1211 15
548 80
814 18
2457 42
1819 182
1524 64
1161 41
1499 171
1005 175
220 183
1603 37
1441 186
1166 77
737 148
2387 27
603 55
618 162
623 126
1885 155
1863 146
2323 162
