364 128
700 368
253 254
1100 58
978 349
201 76
647 347
1272 262
1959 205
1584 119
1264 230
1373 153
1637 273
1941 134
1522 415
824 311
1683 93
2223 196
2492 331
1200 225
323 171
1092 337
1880 206
2338 126
2187 490
1664 444
1802 66
1478 62
1821 338
1121 227
1202 264
1493 280
573 220
1816 142
213 435
2286 446
2229 472
1642 248
1813 296
2079 66
428 158
1591 185
674 55
1401 374
641 326
1127 302
1588 488
878 411
2150 131
2464 336
2297 329
1306 260
2216 273
1463 324
1184 223
1929 195
597 408
569 278
1302 398
1831 311
1193 330
1655 50
1472 340
1123 463
630 379
1714 322
1479 307
1601 454
358 440
315 283
287 67
1574 142
2243 117
1706 187
1955 159
291 52
