908 13
246 41
1324 22
733 178
2378 77
1061 168
2036 108
1168 163
1075 155
956 73
1459 180
429 156
375 10
711 101
281 76
365 169
279 72
1621 74
437 117
586 18
610 194
453 179
1988 58
2262 114
171 165
1899 127
2060 167
2119 35
824 196
972 95
2162 109
2443 87
2317 43
1420 12
247 51
1793 111
1438 149
1895 175
689 158
782 37
1812 191
1529 170
1083 89
1699 132
513 190
1587 62
1431 167
157 141
2176 120
1319 58
207 175
364 162
1783 155
1187 65
2430 69
369 142
591 59
331 42
398 39
2271 139
1346 118
2176 7
2184 90
1989 56
2478 112
760 28
340 45
1125 96
1515 187
965 141
1419 115
1981 130
2423 61
2303 168
488 155
2210 62
1491 105
1655 130
2356 174
2440 19
1655 10
656 57
818 156
1637 61
2443 107
608 149
1921 177
760 45
538 99
457 67
978 174
758 131
2202 131
642 171
752 32
2206 137
1761 127
928 25
169 154
700 106
1649 102
2064 82
1601 143
557 30
238 168
