1723 326
2020 218
509 164
408 228
1456 78
1958 154
458 364
2459 108
1492 270
1785 472
1034 354
1540 194
1988 259
700 53
2476 159
2466 470
770 151
1770 136
1011 118
802 105
517 99
796 318
196 180
517 202
918 145
2070 233
795 342
1052 247
775 259
1214 390
1137 399
366 95
234 400
2266 358
2234 233
1124 65
1228 211
2397 52
586 161
1920 179
697 118
2273 481
1243 333
2449 283
1165 284
466 439
995 318
978 210
697 335
2363 247
2452 489
1903 367
403 204
281 470
1020 279
616 374
1687 284
883 299
748 157
2424 184
2044 220
1512 182
2445 285
784 303
