1479 451
1921 291
2189 191
2111 357
1084 357
476 378
2474 458
1368 386
2137 336
1126 165
2300 180
1122 74
2188 347
273 147
638 431
1183 386
2328 471
2362 400
1449 185
987 57
699 230
675 257
1782 337
806 466
971 220
2045 279
2122 457
1156 340
2051 347
2009 108
219 79
1974 208
1248 473
488 208
1046 445
1283 495
365 450
1496 418
2255 340
1308 409
846 276
2040 298
1287 224
644 169
2243 419
821 90
306 429
1686 184
2237 293
816 54
827 389
335 126
1003 72
1167 308
505 319
429 119
2334 478
2116 221
2292 483
1191 168
1002 234
390 348
1993 225
1707 482
452 430
1502 229
1464 137
1017 408
2004 372
2181 220
1592 434
290 479
2138 210
1720 359
197 58
1070 297
2079 181
1334 340
1828 256
873 437
2316 407
218 488
1441 127
507 150
369 435
670 486
633 302
958 211
