1574 251
1147 168
2314 52
759 191
1616 112
1509 274
1226 336
471 447
226 88
491 252
849 127
2359 137
2424 52
366 493
2086 376
1137 255
2306 115
716 475
1008 255
1789 371
557 460
450 164
1910 374
949 158
1561 422
2190 409
1862 112
164 383
1236 152
1447 213
2452 178
1295 421
274 455
1816 320
525 128
2288 487
172 98
1234 156
2100 195
201 474
958 413
821 477
466 458
760 360
1930 306
481 235
2188 253
605 378
2312 121
1218 173
1358 111
2235 82
1902 419
477 389
1780 116
526 210
602 215
1756 387
1933 460
1838 473
239 95
1659 56
1600 246
2462 240
2221 242
2355 175
1174 372
610 100
1934 273
1668 428
899 246
1097 98
