164 330
1814 491
625 311
2450 340
1040 360
1679 270
364 269
535 245
766 479
1978 478
1289 343
1461 268
527 471
1988 360
1437 305
331 267
504 240
2243 190
1329 227
325 362
949 402
746 170
204 294
185 492
1842 210
1726 62
1134 410
2174 470
1044 272
1055 222
1240 424
918 52
1703 405
2192 443
955 376
1580 210
588 433
566 209
500 278
2011 398
2266 493
2099 232
2378 124
1910 144
1085 82
371 226
2403 63
2276 434
373 206
2049 68
1015 51
2359 82
2161 472
1654 492
2109 407
239 256
1438 207
541 228
903 65
876 442
