2419 431
620 466
1645 379
2277 402
1497 215
998 353
419 52
2211 292
1359 426
1564 84
2178 345
2313 144
2192 200
2150 197
1930 331
1500 309
1088 281
2177 344
2285 293
1319 305
2063 368
1431 319
2006 152
624 360
1734 438
1331 480
2432 427
1626 102
2058 390
331 304
2229 409
644 426
2147 407
2088 124
975 478
298 260
2248 170
591 85
2484 437
331 131
251 441
2234 58
2328 407
445 490
2198 307
1882 113
2155 369
1081 342
736 178
585 197
1287 337
715 249
1541 227
277 233
443 490
408 142
2059 87
469 318
611 383
1557 218
955 114
2462 71
2343 445
613 486
2210 66
1076 117
1106 419
861 275
2287 144
1292 482
2197 61
1756 206
1375 421
1205 423
2432 196
1689 115
1830 119
2366 62
841 197
1705 394
1952 188
2450 358
1828 68
1778 326
