1164 475
1816 95
1046 231
1440 323
705 197
1620 405
2153 51
1794 169
845 61
421 177
1936 315
1670 444
1594 477
2327 388
674 260
394 387
1053 306
2099 222
2219 136
293 200
215 122
796 317
845 475
1276 477
1731 62
1709 495
1418 122
1444 120
332 324
1549 145
606 146
543 292
1947 348
1119 425
622 169
1368 310
1268 374
1596 91
1125 157
1819 261
649 372
1279 271
646 268
758 346
2231 461
1922 133
2191 273
2058 143
1843 338
188 293
1716 368
2196 270
553 496
909 432
1628 62
187 76
1929 116
1931 162
1210 99
1419 315
1251 83
1520 292
207 175
1364 71
713 277
241 132
1256 189
303 124
