724 41
1301 31
766 174
1113 189
2145 129
1657 81
2306 166
1229 12
437 21
1248 35
1931 124
873 159
969 126
1694 91
959 16
358 121
1061 156
2245 188
1175 175
1180 153
1770 6
1809 52
892 43
1627 116
2411 155
683 157
768 198
362 117
2367 131
723 187
1362 34
570 30
1160 23
2346 38
521 169
268 186
1302 71
2204 114
2137 50
838 39
983 77
1240 196
1047 63
1482 73
1639 78
2356 182
1554 168
1214 34
438 87
2402 82
1475 180
789 90
471 107
1543 104
901 62
324 180
1239 62
2472 115
1509 133
301 173
1930 86
1002 191
541 117
199 155
2086 24
1338 47
1337 138
599 139
1270 161
1598 23
818 28
374 93
1544 181
2490 180
981 80
690 41
1758 84
1292 163
1979 92
1590 74
482 57
238 20
985 78
641 197
2312 178
813 134
1543 183
337 116
2275 170
190 184
2133 146
753 24
2023 20
1726 35
2273 90
825 64
2458 150
1673 18
405 36
1047 152
2372 88
1578 188
2363 191
393 103
1032 188
310 47
2132 193
1948 149
1352 141
730 143
658 131
2373 193
674 197
826 135
1625 112
1803 24
1002 91
774 34
2487 116
2038 63
