896 466
1483 398
380 305
1655 406
1675 321
589 288
2237 454
1457 277
1602 108
2033 349
2347 55
186 270
1241 188
2035 312
1546 181
676 336
2346 229
1018 286
2341 77
1259 170
1034 451
1307 450
463 248
894 293
1686 391
2126 325
1049 410
1585 483
175 452
2316 51
228 311
1094 219
1740 470
1213 164
1450 314
1070 265
2083 255
958 336
1852 387
1468 358
1147 258
819 221
1662 434
1205 476
496 65
2252 330
2335 153
2458 495
343 411
961 445
2177 119
1392 334
1131 464
2032 188
855 117
2004 118
2236 408
1276 256
1756 386
1616 171
2493 384
1205 282
154 114
2357 330
1630 166
1652 467
930 204
1278 191
1527 423
1575 92
502 200
200 170
2110 216
2047 190
582 478
2006 491
1345 481
360 158
2381 272
950 208
